              precision    recall  f1-score   support

           0     0.9980    0.9980    0.9980       980
           1     0.9974    0.9991    0.9982      1135
           2     0.9990    0.9981    0.9985      1032
           3     0.9970    0.9970    0.9970      1010
           4     0.9959    0.9929    0.9944       982
           5     0.9933    0.9944    0.9938       892
           6     0.9969    0.9937    0.9953       958
           7     0.9990    0.9951    0.9971      1028
           8     0.9919    1.0000    0.9959       974
           9     0.9931    0.9931    0.9931      1009

    accuracy                         0.9962     10000
   macro avg     0.9961    0.9961    0.9961     10000
weighted avg     0.9962    0.9962    0.9962     10000
